1911.949707 
 1408.805054 
 1408.805054 
 654.088074 
 1207.547119 
 1308.176147 
 1056.603760 
 905.660400 
 955.974854 
 1157.232666 
 1056.603760 
 1257.861694 
 805.031433 
 1056.603760 
 1459.119507 
 1106.918213 
 603.773560 
 1207.547119 
 1157.232666 
 1660.377319 
 1559.748413 
 2364.779785 
 654.088074 
 1207.547119 
 1509.433960 
 1408.805054 
 1106.918213 
 1157.232666 
 1106.918213 
 654.088074 
 1006.289307 
 1509.433960 
 2264.150879 
 1257.861694 
 1157.232666 
 452.830200 
 905.660400 
 855.345886 
 754.716980 
 955.974854 
 1157.232666 
 1207.547119 
 1509.433960 
 1056.603760 
 1509.433960 
 1257.861694 
 805.031433 
 855.345886 
 553.459106 
 1459.119507 
 1861.635254 
 1157.232666 
 805.031433 
 1358.490601 
 1408.805054 
 905.660400 
 2515.723389 
 1308.176147 
 1106.918213 
 955.974854 
 1408.805054 
 754.716980 
 855.345886 
 1811.320801 
 1710.691772 
 1006.289307 
 1459.119507 
 1761.006348 
 1610.062866 
 654.088074 
 654.088074 
 654.088074 
 2213.836426 
 4075.471680 
 4628.930664 
 5484.276855 
 5735.849121 
 4377.358398 
 1358.490601 
 2163.521973 
 1408.805054 
 1157.232666 
 2314.465332 
 4477.987305 
 1157.232666 
 452.830200 
 503.144653 
 553.459106 
 654.088074 
 503.144653 
 452.830200 
 402.515717 
 553.459106 
 452.830200 
 452.830200 
 654.088074 
 704.402527 
 805.031433 
 905.660400 
 704.402527 
 704.402527 
 654.088074 
 452.830200 
 352.201263 
 704.402527 
 2666.666748 
 3773.584961 
 4779.874023 
 4628.930664 
 4930.817383 
 5232.704590 
 4729.559570 
 2113.207520 
 352.201263 
 704.402527 
 553.459106 
 553.459106 
 452.830200 
 603.773560 
 1408.805054 
 1157.232666 
 955.974854 
 905.660400 
 955.974854 
 201.257858 
 150.943390 
 301.886780 
 251.572327 
 452.830200 
 201.257858 
 201.257858 
 201.257858 
 352.201263 
 201.257858 
 452.830200 
 201.257858 
 704.402527 
 2163.521973 
 3220.125732 
 2213.836426 
 50.314465 
 0.000000 
 0.000000 
 4477.987305 
 3622.641602 
 905.660400 
 603.773560 
 251.572327 
 754.716980 
 352.201263 
 603.773560 
 301.886780 
 955.974854 
 1358.490601 
 1157.232666 
 955.974854 
 2062.893066 
 1006.289307 
 1157.232666 
 955.974854 
 1006.289307 
 1006.289307 
 452.830200 
 201.257858 
 553.459106 
 503.144653 
 704.402527 
 654.088074 
 805.031433 
 603.773560 
 603.773560 
 553.459106 
 1559.748413 
 1358.490601 
 704.402527 
 150.943390 
 150.943390 
 0.000000 
 553.459106 
 0.000000 
 201.257858 
 2012.578613 
 1559.748413 
 2012.578613 
 50.314465 
 352.201263 
 503.144653 
 503.144653 
 855.345886 
 754.716980 
 905.660400 
 503.144653 
 955.974854 
 1056.603760 
 955.974854 
 754.716980 
 704.402527 
 654.088074 
 503.144653 
 352.201263 
 452.830200 
 352.201263 
 201.257858 
 352.201263 
 352.201263 
 201.257858 
 402.515717 
 603.773560 
 654.088074 
 452.830200 
 553.459106 
 754.716980 
 1106.918213 
 553.459106 
 452.830200 
 452.830200 
 352.201263 
 50.314465 
 0.000000 
 452.830200 
 0.000000 
 150.943390 
 955.974854 
 1358.490601 
 1509.433960 
 100.628929 
 201.257858 
 352.201263 
 503.144653 
 704.402527 
 603.773560 
 503.144653 
 704.402527 
 503.144653 
 503.144653 
 503.144653 
 805.031433 
 503.144653 
 704.402527 
 805.031433 
 402.515717 
 452.830200 
 402.515717 
 402.515717 
 503.144653 
 402.515717 
 654.088074 
 754.716980 
 754.716980 
 603.773560 
 603.773560 
 654.088074 
 503.144653 
 1308.176147 
 754.716980 
 1207.547119 
 1207.547119 
 1157.232666 
 301.886780 
 352.201263 
 452.830200 
 352.201263 
 553.459106 
 352.201263 
 452.830200 
 301.886780 
 251.572327 
 201.257858 
 654.088074 
 201.257858 
 603.773560 
 1056.603760 
 855.345886 
 352.201263 
 402.515717 
 654.088074 
 754.716980 
 704.402527 
 603.773560 
 553.459106 
 654.088074 
 704.402527 
 805.031433 
 1257.861694 
 1861.635254 
 503.144653 
 1106.918213 
 1006.289307 
 50.314465 
 855.345886 
 603.773560 
 0.000000 
 201.257858 
 654.088074 
 0.000000 
 905.660400 
 805.031433 
 503.144653 
 855.345886 
 704.402527 
 754.716980 
 1559.748413 
 1962.264160 
 1207.547119 
 805.031433 
 704.402527 
 1660.377319 
 1358.490601 
 1308.176147 
 1660.377319 
 1006.289307 
 1056.603760 
 1509.433960 
 1459.119507 
 855.345886 
 855.345886 
 1257.861694 
 1559.748413 
 1358.490601 
 805.031433 
 1056.603760 
 905.660400 
 704.402527 
 1157.232666 
 805.031433 
 1157.232666 
 1358.490601 
 1509.433960 
 1006.289307 
 1408.805054 
 1358.490601 
 1408.805054 
 905.660400 
 1459.119507 
 955.974854 
 805.031433 
 1509.433960 
 1006.289307 
 1006.289307 
 905.660400 
 1459.119507 
 1257.861694 
 1308.176147 
 855.345886 
 1610.062866 
 1911.949707 
 452.830200 
 905.660400 
 805.031433 
 1006.289307 
 704.402527 
 1459.119507 
 1157.232666 
 1358.490601 
 1559.748413 
 1207.547119 
 1509.433960 
 1610.062866 
 1358.490601 
 1106.918213 
 1459.119507 
 1056.603760 
 1358.490601 
 1509.433960 
 1710.691772 
 805.031433 
 955.974854 
 1308.176147 
 1761.006348 
 1257.861694 
 855.345886 
 603.773560 
 1157.232666 
 1257.861694 
 805.031433 
 1207.547119 
 1157.232666 
 1006.289307 
 1509.433960 
 754.716980 
 1459.119507 
 1509.433960 
 402.515717 
 1106.918213 
 553.459106 
 855.345886 
 452.830200 
 503.144653 
 452.830200 
 855.345886 
 503.144653 
 402.515717 
 603.773560 
 301.886780 
 402.515717 
 905.660400 
 704.402527 
 704.402527 
 503.144653 
 402.515717 
 603.773560 
 1006.289307 
 1006.289307 
 704.402527 
 1106.918213 
 905.660400 
 805.031433 
 553.459106 
 452.830200 
 603.773560 
 452.830200 
 1106.918213 
 1207.547119 
 2918.239014 
 3874.213867 
 4779.874023 
 4830.188477 
 5182.390137 
 5283.019043 
 3723.270508 
 5836.478027 
 4981.131836 
 0.000000 
 553.459106 
 1157.232666 
 805.031433 
 1660.377319 
 1660.377319 
 654.088074 
 1207.547119 
 2314.465332 
 3723.270508 
 503.144653 
 805.031433 
 603.773560 
 654.088074 
 704.402527 
 754.716980 
 855.345886 
 1157.232666 
 553.459106 
 805.031433 
 704.402527 
 553.459106 
 1056.603760 
 654.088074 
 553.459106 
 553.459106 
 503.144653 
 301.886780 
 402.515717 
 201.257858 
 201.257858 
 301.886780 
 301.886780 
 805.031433 
 805.031433 
 1056.603760 
 754.716980 
 1509.433960 
 1308.176147 
 855.345886 
 452.830200 
 905.660400 
 955.974854 
 1660.377319 
 1408.805054 
 1660.377319 
 805.031433 
 754.716980 
 1157.232666 
 654.088074 
 754.716980 
 805.031433 
 1308.176147 
 855.345886 
 553.459106 
 1006.289307 
 704.402527 
 553.459106 
 452.830200 
 1106.918213 
 805.031433 
 1408.805054 
 2012.578613 
 1962.264160 
 1761.006348 
 1710.691772 
 1710.691772 
 1207.547119 
 1257.861694 
 1408.805054 
 1660.377319 
 955.974854 
 1257.861694 
 1459.119507 
 1106.918213 
 1559.748413 
 1408.805054 
 1207.547119 
 1610.062866 
 1358.490601 
 1157.232666 
 1610.062866 
 1811.320801 
 1358.490601 
 1811.320801 
 1559.748413 
 1358.490601 
 1509.433960 
 1157.232666 
 553.459106 
 1610.062866 
 855.345886 
 704.402527 
 603.773560 
 1559.748413 
 1308.176147 
 1006.289307 
 1408.805054 
 1861.635254 
 1710.691772 
 1408.805054 
 1308.176147 
 1559.748413 
 1207.547119 
 1660.377319 
 1710.691772 
 1257.861694 
 1056.603760 
 1106.918213 
 905.660400 
 654.088074 
 855.345886 
 1106.918213 
 1710.691772 
 855.345886 
 1459.119507 
 1257.861694 
 754.716980 
 1006.289307 
 1106.918213 
 1207.547119 
 1408.805054 
 1308.176147 
 754.716980 
 1559.748413 
 955.974854 
 1610.062866 
 1308.176147 
 1056.603760 
 1006.289307 
 1106.918213 
 1610.062866 
 1408.805054 
 